# I matrix for ω = 3.00 eV
-0.295696	-0.331821	-0.197096	1.016977	1.425431	-0.558515	2.144966	-0.777809	2.094891	0.079829	-2.329454	1.067432	4.996450	2.733678	0.924293	-6.116616	-1.717796	38.169695	-27.641191	880.295534	413.253002	-45.171683	7.770149	6.548939	-1.793223	1.511941	2.822174	2.126512	0.267426	-0.258345	-0.399339	-0.157994	0.351370	0.731309	0.860099	0.834513	0.760864	0.688791	0.629564	0.581322
-0.453154	-0.440034	-0.098840	1.205956	1.181374	-0.522444	2.209477	-0.789827	1.831537	0.560598	-2.447129	0.432857	4.939776	3.634105	2.104854	-6.623169	-4.521557	38.338774	-13.822509	892.035597	391.449098	-46.124748	8.774138	6.170522	-1.785933	1.600527	2.767191	2.156187	0.206983	-0.277345	-0.356334	-0.147371	0.329301	0.716207	0.865084	0.850883	0.777991	0.701624	0.637551	0.585800
-0.476490	-0.331241	0.444367	1.474594	0.285723	0.079312	1.845909	-0.255255	0.617808	1.817655	-2.005754	-1.419298	3.775803	5.642330	6.264844	-6.357717	-12.645977	34.599595	37.098935	917.284308	328.242899	-47.246680	11.436466	5.009497	-1.731323	1.868786	2.594610	2.223919	0.073762	-0.371180	-0.239396	-0.083234	0.278687	0.656558	0.857420	0.885744	0.826543	0.745137	0.670202	0.608897
0.760619	0.910448	1.360610	0.794339	-0.522398	1.740324	0.099510	1.605923	-1.361065	2.048665	0.667503	-2.624060	-0.242576	5.473865	12.695837	-0.411598	-21.596170	14.350439	150.678408	926.151249	232.277429	-44.409326	14.581220	3.028162	-1.432412	2.196375	2.399761	2.179979	0.027754	-0.586956	-0.139786	0.094147	0.278198	0.551769	0.782323	0.882409	0.873231	0.810218	0.734330	0.665219
1.667469	1.506150	0.703764	-0.257011	1.194195	1.535598	-0.494659	1.812149	-0.351251	-1.226911	3.069246	1.246714	-3.554814	-0.539603	13.217303	12.101411	-16.006080	-33.622722	352.283447	874.063752	122.030600	-34.252290	16.084430	0.580825	-0.535874	2.163897	2.538407	1.728626	0.169636	-0.752610	-0.242816	0.300164	0.449041	0.522921	0.652245	0.772602	0.828386	0.821108	0.777287	0.721287
-0.609770	-0.529812	-0.020262	1.488342	1.317409	-0.796846	2.318523	-1.509171	2.213588	-1.070838	-1.328077	4.608499	2.434081	-2.058633	0.139375	12.417156	17.164715	-80.599769	625.512492	722.992815	24.257474	-17.902742	14.115198	-0.880591	0.534274	1.763208	2.984385	1.087407	0.062601	-0.505213	-0.416022	0.226875	0.647475	0.715838	0.677435	0.668841	0.688141	0.702381	0.696666	0.673295
1.854189	1.826910	1.564792	0.097768	-0.299772	2.329295	-1.067196	1.899355	-2.229270	2.850866	0.486815	-2.785645	2.916415	12.613358	-1.657769	-14.984674	36.368496	-13.366926	866.465454	478.913150	-35.407979	-0.539779	10.100334	-0.593024	0.416961	2.259570	2.602516	1.086215	-0.517847	-0.310285	-0.102201	0.086178	0.485842	0.798346	0.876469	0.812091	0.719583	0.647261	0.598038	0.562256
-0.783669	-0.672637	-0.179506	1.493069	1.588737	-1.409902	1.953448	-1.719241	2.732421	-2.441516	2.822403	3.504777	-4.522983	6.239522	16.954402	-10.349318	-33.805116	292.025333	911.093783	213.820477	-45.238317	12.703056	6.118582	-0.975261	0.649000	2.835476	2.097818	0.670724	-0.359404	-0.637239	0.050245	0.451788	0.495200	0.581582	0.740277	0.845397	0.853365	0.796412	0.717893	0.643928
2.383197	2.103174	1.085584	-0.693133	0.277054	2.271119	-2.219731	2.785249	-2.498480	4.613231	-1.328560	-3.080717	13.860210	1.911143	-12.064426	37.769440	-66.255083	730.838664	679.404951	23.800419	-21.271812	15.293189	1.592094	-0.648571	1.551170	2.508217	2.106464	-0.014628	-0.493043	-0.186844	-0.099007	0.328138	0.737547	0.819467	0.735940	0.673819	0.666478	0.677192	0.677124	0.660252
-0.237474	0.065693	1.070001	1.446388	-1.360587	-0.772812	2.772540	-2.538894	4.714934	-2.810058	1.596452	5.383864	-1.253767	15.109055	0.671500	-41.325475	263.126810	923.646564	305.647814	-46.042596	4.287970	10.605014	0.522851	-0.394792	1.710116	3.066294	0.977690	-0.010176	-0.530393	-0.373299	0.319765	0.507763	0.517387	0.678581	0.843164	0.874333	0.799861	0.696451	0.609250	0.548140
-1.546834	-1.382511	-0.990720	0.930753	2.540394	-1.647883	0.658737	2.722076	-1.656161	2.017204	0.658501	1.780332	21.057395	-20.406013	23.418582	-12.228100	796.997249	655.810095	31.736475	-26.632509	16.102577	5.392733	-1.493224	0.300994	2.848475	2.135631	0.766194	-0.500357	-0.491758	0.077062	0.142560	0.459864	0.804410	0.834771	0.721643	0.663816	0.675117	0.697020	0.695045	0.668407
2.114873	1.500200	-0.034437	-1.337354	1.840997	3.917083	-3.018662	3.621139	-2.455862	2.885093	-0.141840	21.702690	-18.694414	37.376743	-79.295990	539.002968	868.780410	211.268372	-46.812866	5.264099	12.774749	1.249289	-1.161873	1.186583	3.054447	1.601853	0.031724	-0.565985	-0.164574	-0.126385	0.419214	0.715234	0.640932	0.663889	0.794785	0.849169	0.789548	0.683681	0.590546	0.528558
3.833284	3.308901	2.095849	-0.536829	-2.676734	3.535407	2.284984	-5.620798	7.648004	-5.300755	25.186922	-16.062927	36.788941	-78.798474	355.407926	921.964754	406.487997	-25.144702	-14.510372	17.671560	5.901877	-2.484058	-0.345757	3.027678	2.209049	0.997059	-0.539268	-0.254997	-0.347436	0.258708	0.559379	0.511823	0.713009	0.885806	0.825447	0.688938	0.618382	0.614438	0.626773	0.624931
0.117684	0.918795	2.180242	2.015253	-2.989969	-4.895050	7.644208	-2.343049	0.529817	23.613865	-12.856823	38.146015	-79.109587	295.938970	911.183023	538.267082	22.425420	-32.283581	16.564056	12.903628	-0.426945	-2.194278	1.389495	3.189805	1.639695	-0.068625	-0.341868	-0.415726	-0.025188	0.449959	0.408374	0.695775	0.877388	0.754971	0.663612	0.702723	0.748025	0.723760	0.649007	0.567572
-6.444677	-4.557458	-0.236989	3.918771	4.229598	-5.772943	-5.330845	20.476381	1.527201	12.265730	23.136663	-78.954902	358.038046	908.697860	580.149217	58.052685	-41.771215	11.706408	17.657267	1.347472	-3.413610	0.727045	2.982029	2.096571	0.872131	-0.563620	-0.242068	-0.359966	0.332224	0.347492	0.573327	0.853019	0.731941	0.677137	0.779788	0.805347	0.707890	0.590890	0.523669	0.505388
-4.202939	-4.450934	-2.786106	2.921655	9.300965	8.162357	-4.210254	11.992605	47.911423	-42.712739	-6.938778	541.644620	912.587414	530.871014	56.191328	-43.449867	9.949236	21.349647	3.277992	-4.887872	-1.201702	3.028580	2.993674	0.878088	0.084226	-0.520868	-0.263686	-0.042706	0.422348	0.388472	0.783651	0.770502	0.665999	0.795964	0.829703	0.697127	0.582399	0.562290	0.585892	0.595880
15.993317	10.198899	-3.704961	-12.208392	4.268179	44.470664	52.787322	-30.032203	-57.492498	274.592837	790.296959	847.156330	391.270672	18.599698	-37.236556	14.446715	23.330907	4.059513	-5.425056	-2.407367	2.056804	3.182950	1.885982	0.006667	-0.352510	-0.310541	-0.201361	0.259912	0.430975	0.547878	0.844412	0.680158	0.739866	0.853169	0.731492	0.600686	0.601348	0.641163	0.630093	0.570576
5.901018	15.280904	34.365759	38.281259	4.903574	-37.708882	26.166322	313.738184	718.354129	882.977707	616.260311	194.696543	-21.351438	-18.271460	23.306920	21.776006	2.131027	-5.972431	-2.616412	1.798084	2.869063	1.974753	0.743275	-0.432911	-0.421205	-0.091531	-0.050114	0.466929	0.472510	0.687116	0.826983	0.663857	0.811929	0.810741	0.638823	0.605030	0.661207	0.650231	0.567435	0.486390
136.092909	136.959635	151.420732	212.318321	355.866576	576.887461	782.668650	820.533476	613.577652	281.425593	41.810831	-22.903369	7.941232	28.090219	15.275164	-1.875258	-6.392916	-2.260316	1.898039	2.827184	1.809940	0.770043	0.071153	-0.554190	-0.262797	0.096458	0.134504	0.602971	0.543493	0.765047	0.807513	0.675990	0.833556	0.745487	0.599430	0.637651	0.672538	0.595991	0.497891	0.458326
638.799533	656.100504	698.964478	739.042077	731.712642	635.404046	447.638876	228.229459	63.125832	-4.062422	3.630598	21.358383	20.586389	6.214674	-4.883230	-5.747106	-1.434115	2.003481	2.692761	1.725575	0.659656	0.144106	-0.216032	-0.489540	0.008920	0.230679	0.330993	0.683690	0.625877	0.788318	0.807209	0.677199	0.821935	0.697753	0.584455	0.650868	0.647835	0.540298	0.467692	0.474495
474.078456	455.555945	400.506758	313.133048	206.729529	104.402335	31.143747	1.278817	4.146941	13.951237	16.733926	7.575742	-1.923441	-5.003505	-3.288254	0.033083	2.199553	2.464961	1.606965	0.652433	0.134835	-0.080590	-0.338332	-0.268472	0.297654	0.301166	0.544123	0.700886	0.720104	0.764615	0.823923	0.659529	0.793965	0.672612	0.568394	0.641719	0.618240	0.504999	0.460959	0.493712
15.855046	11.908521	2.287188	-7.465243	-11.624839	-8.529197	-0.856444	7.499219	9.357046	5.159673	-0.517180	-3.879760	-4.326680	-1.297082	1.639818	2.811678	2.548262	1.647169	0.766724	0.218758	-0.046150	-0.249258	-0.308191	0.116172	0.465135	0.366731	0.747631	0.661000	0.823074	0.707035	0.843134	0.637207	0.749341	0.667304	0.545433	0.617122	0.598054	0.486665	0.456984	0.500338
-11.047139	-9.714803	-6.060476	-1.084902	3.371721	5.293944	5.067756	3.242928	-1.048395	-2.493603	-3.572855	-1.321279	0.417786	1.539172	2.319049	2.246178	1.566051	0.791670	0.219567	-0.118757	-0.304330	-0.303956	0.040759	0.469107	0.442417	0.552837	0.831053	0.642666	0.882354	0.662957	0.827990	0.639782	0.679168	0.675494	0.524715	0.578533	0.587695	0.480876	0.447689	0.494728
7.243661	7.060526	6.399978	4.980229	2.680285	0.512985	-0.692715	-2.369213	-2.241670	-1.231476	0.270133	1.122744	2.404533	2.285302	1.444481	0.700935	0.154986	-0.213525	-0.408248	-0.430597	-0.258715	0.110166	0.463910	0.483137	0.480188	0.808774	0.724892	0.750128	0.811195	0.702559	0.737344	0.685742	0.592207	0.674826	0.525467	0.526279	0.577792	0.488427	0.434963	0.478887
-0.821814	-1.029913	-1.554258	-2.089044	-2.070347	-1.557441	-1.572209	-0.738896	0.703680	1.078386	2.036826	2.106883	1.427086	1.275690	0.920929	0.350230	-0.081431	-0.251138	-0.194037	0.017813	0.284090	0.449804	0.432847	0.476623	0.772422	0.800637	0.667224	0.870351	0.667115	0.791454	0.615274	0.723967	0.543364	0.626345	0.559144	0.475512	0.550459	0.508877	0.428512	0.453779
-1.594511	-1.443029	-1.009668	-0.392434	0.029136	0.166789	1.066813	1.801556	1.544325	2.149585	1.431674	1.247082	1.019036	0.204852	-0.215489	-0.239118	-0.148813	-0.033314	0.094391	0.206071	0.275464	0.348223	0.542388	0.804185	0.799275	0.659100	0.836875	0.747779	0.691635	0.739105	0.611926	0.652006	0.586159	0.529282	0.591270	0.464577	0.493937	0.526730	0.442435	0.425580
1.580843	1.549527	1.463926	1.389130	1.612064	2.097694	1.799439	1.469074	1.683605	0.844700	0.900782	0.363523	-0.139445	0.014780	0.003538	-0.139592	-0.170152	-0.069805	0.097748	0.295897	0.517984	0.731215	0.822289	0.721054	0.666017	0.836775	0.780372	0.649757	0.780535	0.586039	0.695554	0.529949	0.631288	0.483865	0.548831	0.511480	0.437600	0.508700	0.478267	0.413328
1.594984	1.638627	1.738862	1.764224	1.443505	0.978260	1.135281	0.864307	0.335163	0.416083	-0.052957	-0.177778	0.031200	-0.248195	-0.297057	-0.050567	0.217868	0.417144	0.559330	0.651471	0.680116	0.649318	0.637128	0.748117	0.870066	0.748056	0.649988	0.778167	0.617371	0.647014	0.600046	0.569257	0.536203	0.549936	0.457323	0.538894	0.447420	0.447560	0.500311	0.438115
0.643210	0.594696	0.488960	0.460101	0.607403	0.513394	-0.030331	0.127686	-0.057417	-0.160822	-0.225668	-0.001801	-0.279101	-0.029307	0.287065	0.361992	0.372619	0.424559	0.508832	0.603449	0.707161	0.816632	0.879860	0.810861	0.667738	0.692418	0.781146	0.617672	0.625040	0.643162	0.520082	0.602776	0.476361	0.544938	0.473049	0.466267	0.505569	0.417077	0.462498	0.480258
0.242410	0.215136	0.110994	-0.105973	-0.288074	-0.093544	0.021276	-0.371066	-0.000088	-0.268860	0.112184	-0.146229	0.201274	0.378462	0.275755	0.326146	0.498940	0.652451	0.742652	0.775268	0.758128	0.704749	0.663068	0.703734	0.792811	0.740276	0.586901	0.647515	0.643379	0.511814	0.612069	0.472197	0.560777	0.441923	0.529257	0.429077	0.477186	0.470831	0.410632	0.470903
-0.207274	-0.168238	-0.068394	0.007419	-0.114262	-0.307197	-0.035352	0.062572	-0.120847	0.261792	0.066593	0.333038	0.477126	0.335620	0.513994	0.738949	0.813638	0.807543	0.796478	0.802132	0.822661	0.843979	0.829731	0.739269	0.617057	0.613378	0.696571	0.600689	0.520441	0.612196	0.481051	0.541863	0.471137	0.504661	0.440198	0.501126	0.412824	0.480637	0.446119	0.414790
-0.167268	-0.156487	-0.099246	0.055460	0.235083	0.147042	0.005629	0.360319	0.229660	0.414140	0.370158	0.637399	0.448177	0.645303	0.816601	0.746095	0.665229	0.655756	0.672823	0.677201	0.661250	0.639672	0.642388	0.688114	0.725890	0.653440	0.530975	0.569946	0.603170	0.472415	0.541940	0.486305	0.477462	0.479078	0.459962	0.447364	0.475064	0.411156	0.478908	0.432712
0.270669	0.247596	0.196480	0.192299	0.351897	0.539409	0.380818	0.402754	0.650471	0.443900	0.742139	0.592470	0.675439	0.851354	0.715188	0.656294	0.735208	0.810997	0.835046	0.824654	0.797157	0.752519	0.682019	0.594585	0.545248	0.587570	0.632273	0.536841	0.476768	0.560999	0.471246	0.477507	0.492345	0.436680	0.482014	0.433005	0.453401	0.457333	0.414744	0.475912
0.644250	0.627918	0.569735	0.472960	0.450480	0.643663	0.726017	0.520917	0.768531	0.635965	0.803271	0.640581	0.869785	0.746035	0.672625	0.794996	0.854743	0.814012	0.749446	0.701814	0.676438	0.670662	0.678273	0.677016	0.628000	0.530496	0.484726	0.550522	0.545304	0.442139	0.504780	0.479122	0.436703	0.490819	0.416802	0.480087	0.420246	0.456553	0.448274	0.419088
0.794847	0.799730	0.793796	0.726973	0.608941	0.642198	0.842177	0.710326	0.714549	0.825445	0.710942	0.787869	0.822971	0.663920	0.782016	0.833473	0.736153	0.643664	0.603996	0.588618	0.572021	0.548451	0.527139	0.527357	0.560560	0.592280	0.549530	0.457792	0.473353	0.529443	0.440297	0.460019	0.482026	0.416810	0.485033	0.409812	0.476601	0.416505	0.457592	0.446091
0.797289	0.814492	0.850876	0.851713	0.750883	0.656286	0.802949	0.836141	0.669630	0.872017	0.664175	0.851280	0.693104	0.707276	0.810707	0.702721	0.606095	0.609884	0.641946	0.654588	0.644804	0.619605	0.580485	0.527778	0.476641	0.465407	0.512052	0.539266	0.466502	0.429214	0.501204	0.447398	0.433025	0.480086	0.409811	0.479177	0.409411	0.473705	0.418055	0.457277
0.746182	0.764381	0.814091	0.861504	0.820647	0.686952	0.722785	0.855459	0.670297	0.805089	0.680255	0.795651	0.624785	0.754018	0.714027	0.588015	0.606326	0.665519	0.676302	0.650999	0.620802	0.600091	0.589275	0.578977	0.551312	0.494538	0.438026	0.447708	0.505744	0.477287	0.412873	0.475085	0.453401	0.420246	0.476595	0.409406	0.475273	0.412141	0.471896	0.422920
0.688007	0.701709	0.745964	0.810035	0.821329	0.706069	0.654820	0.803370	0.683790	0.704159	0.703564	0.690709	0.620812	0.729704	0.596484	0.567099	0.645308	0.653821	0.599067	0.542801	0.506999	0.488242	0.482084	0.489326	0.509525	0.527170	0.508979	0.447739	0.417193	0.470892	0.480663	0.411161	0.457326	0.456539	0.416495	0.473697	0.412136	0.473455	0.416640	0.470599
0.635457	0.644001	0.677030	0.739599	0.781156	0.701815	0.606023	0.725929	0.683920	0.616788	0.701350	0.596903	0.632220	0.654168	0.528178	0.589696	0.633378	0.570272	0.500232	0.469537	0.462410	0.458108	0.448529	0.435574	0.428948	0.442740	0.478467	0.500418	0.462547	0.410655	0.446120	0.478896	0.414727	0.448256	0.457572	0.418041	0.471888	0.416635	0.472808	0.422763
0.589267	0.594053	0.617279	0.672051	0.726104	0.678203	0.569094	0.651214	0.666132	0.554438	0.673760	0.533647	0.629239	0.571673	0.508758	0.598766	0.573080	0.488504	0.459992	0.475780	0.494715	0.501095	0.495278	0.479277	0.454045	0.425754	0.413439	0.438182	0.480279	0.470891	0.414769	0.432686	0.475883	0.419063	0.446069	0.457257	0.422906	0.470592	0.422759	0.471994
