# I matrix for ω = 3.00 eV
0.068612	0.524011	0.722074	0.266244	0.343095	0.663234	1.311864	0.689159	0.595884	2.194834	8.353547	4.861506	3.334253	77.860001	38.409755	12.328127	329.218127	107.604491	4.146249	227.262706	47.827056	15.408253	290.709919	86.387719	-12.475920	51.612933	18.861210	-5.007083	4.980350	2.171635	-1.040349	0.886851	1.184689	0.557843	0.546356	0.610971	0.488557	0.365624	0.321877	0.326387
-0.137054	0.425746	0.616396	0.072273	0.330740	0.388695	1.211503	0.932639	0.266460	2.314484	8.861097	4.435838	4.758383	78.581943	36.155388	20.798779	329.423985	99.049004	12.192590	223.584017	43.068431	22.470655	291.883213	79.911871	-11.270148	52.446822	17.497331	-4.815395	5.086561	2.000643	-0.981999	0.926931	1.139296	0.532386	0.554887	0.627859	0.504013	0.377991	0.330479	0.331762
-0.496054	0.156108	0.265369	-0.293480	0.372007	-0.324487	0.707935	1.614267	-0.473057	2.291445	10.316482	3.342934	9.936511	79.711191	28.007138	50.327626	326.784174	73.152149	38.591761	210.429571	29.031379	46.561746	291.954165	61.444592	-6.845718	54.311811	13.510650	-4.124483	5.375009	1.457114	-0.800626	1.070131	1.015555	0.445121	0.559066	0.663976	0.547358	0.419990	0.364841	0.357459
0.063315	0.090250	-0.021259	0.058648	0.608112	-0.317868	-0.152214	1.953631	-0.231007	1.783203	11.356036	2.111367	22.168778	78.904592	9.951303	109.976388	313.275275	31.177764	86.264523	183.963435	6.952357	94.431585	281.126191	34.364419	2.871733	55.143586	7.488028	-2.738849	5.755959	0.536306	-0.539584	1.346914	0.885258	0.304035	0.506592	0.662400	0.585498	0.482470	0.431392	0.417718
1.442304	0.790522	0.670046	1.084215	0.729960	1.668347	0.355573	0.850927	1.772420	3.881634	9.273811	-0.817256	46.269181	76.175675	-18.814001	200.303884	280.153461	-16.127660	146.676631	144.372103	-17.138102	168.548277	246.567956	5.693015	19.652812	51.535722	1.008784	-0.633196	5.916995	-0.465139	-0.328660	1.622235	0.869392	0.240077	0.408489	0.554570	0.531064	0.491024	0.477476	0.478603
0.167091	0.670257	0.592584	0.117715	0.470990	0.503875	2.103053	0.950809	-0.084418	11.070449	9.324420	-7.527543	75.759106	73.445694	-32.143252	292.903505	217.996184	-35.517118	188.486007	96.301521	-21.951335	251.779677	181.488757	-13.177026	41.246072	40.771421	-3.787462	2.246992	5.020529	-0.967494	-0.015752	1.521800	0.847213	0.413265	0.463982	0.447466	0.382713	0.373571	0.402505	0.437009
0.868383	0.120815	-0.310126	0.481672	0.726058	-0.245627	0.570924	2.299668	-0.027906	10.885454	11.162009	7.943320	89.283764	46.956211	36.751325	338.782354	114.601293	15.732434	178.677762	39.035929	33.628525	299.985572	96.751069	-10.071379	58.603262	24.279099	-5.518763	5.678765	2.763414	-1.139527	0.863292	1.196901	0.473173	0.516081	0.684743	0.572315	0.403304	0.322861	0.313358	0.335647
0.456181	1.063937	1.277607	0.589349	0.303625	1.977572	2.849420	-0.784080	9.784406	15.892067	-7.821170	57.421950	103.759230	-20.833296	197.361593	311.464630	1.199878	109.621323	128.452671	-16.481543	167.015638	267.617140	20.786948	18.330334	60.909345	6.448835	-2.411603	7.068118	0.700539	-1.135365	1.440698	1.211846	0.317044	0.356271	0.567530	0.582158	0.523863	0.474379	0.442057	0.428070
0.882609	0.203763	0.301931	0.737653	0.459210	1.459757	1.372826	1.850045	12.235304	14.871594	6.379991	97.717571	76.584804	10.915960	331.150830	181.667804	-4.135398	141.295513	55.821124	10.004977	292.952841	154.220233	-11.069155	57.491010	41.691074	-5.036447	4.265017	5.312035	-1.187120	0.226789	1.377049	0.657022	0.495208	0.649353	0.554227	0.389523	0.335363	0.363299	0.411216	0.454839
0.211668	0.372556	0.384689	0.741025	1.148249	2.526706	0.461670	8.767591	28.181086	-5.236236	64.207793	136.782997	-12.293785	201.133932	329.489476	20.981721	75.921140	102.944290	-18.632324	178.447350	278.436109	32.490688	22.455683	70.623640	11.515895	-2.833980	7.902737	1.882977	-1.391512	0.978194	1.418307	0.483458	0.318826	0.556185	0.630009	0.561002	0.465959	0.393237	0.357943	0.357733
0.458657	2.375314	2.464872	0.757217	5.814583	3.055388	4.959830	32.880980	7.692622	29.015206	151.243043	53.928424	75.153973	361.335841	134.342629	18.387017	94.626547	11.731662	69.908613	311.981334	125.687403	0.485079	74.132727	41.543508	-4.561110	5.760371	6.385048	-1.391880	-0.124243	1.735796	0.626068	0.286117	0.692572	0.705788	0.468881	0.339749	0.348168	0.404463	0.455909	0.491538
1.407448	0.665292	0.859942	4.943950	4.040179	3.942592	33.557341	26.349342	11.418750	151.509831	121.260806	28.359834	321.128139	230.670672	14.826291	56.892157	28.034029	20.060192	283.657689	205.467202	10.333634	65.041215	69.063293	3.097340	1.961527	9.657813	0.648750	-1.316478	1.506263	0.984517	0.416657	0.602964	0.586231	0.494622	0.503277	0.514049	0.468621	0.405718	0.369568	0.369793
6.172259	1.418643	8.919459	12.287978	2.475200	49.059745	47.885154	11.524403	174.760303	167.848697	39.094705	280.326760	267.241131	33.668797	24.242560	14.323932	12.068411	257.589998	239.491300	34.692492	63.316698	87.235168	15.907141	0.228615	11.266805	3.670082	-1.952283	1.004027	1.283859	0.552219	0.477603	0.511497	0.633717	0.652863	0.507657	0.358288	0.312052	0.352763	0.422357	0.482550
25.890776	34.008423	22.572094	34.952983	98.805388	62.445644	62.930705	234.854425	190.218392	87.856066	255.591319	233.795810	43.148774	1.657953	-13.645785	45.873495	253.451658	218.884562	56.303248	84.551428	99.142920	24.587437	2.389906	13.739816	5.673393	-1.739907	0.535418	1.509419	0.575634	0.440894	0.463883	0.706437	0.722547	0.476307	0.338770	0.378114	0.452318	0.478083	0.464502	0.445517
123.190029	126.089386	161.354003	175.280030	129.796972	184.580888	276.273359	181.068693	104.943763	174.456545	143.545937	37.648329	1.812431	13.836107	105.829752	212.191212	161.754431	93.704626	120.260693	96.491958	27.946783	11.508523	16.123402	6.034550	-0.770574	0.332334	1.762027	0.431301	0.414784	0.485557	0.673293	0.781957	0.508018	0.373470	0.451025	0.487239	0.428843	0.367942	0.362206	0.403518
180.047673	180.965065	158.882469	141.651656	181.756640	184.435121	97.361378	60.702858	109.575339	124.498460	83.732335	44.456081	42.627023	95.111874	149.418536	152.179138	144.247672	133.116895	83.747543	35.906050	22.839930	17.065510	5.509369	0.056464	1.435312	1.331150	0.483318	0.179769	0.661979	0.584385	0.788170	0.611515	0.398651	0.477852	0.501880	0.392945	0.325171	0.362503	0.445969	0.513402
127.586435	116.261842	114.896349	135.218202	121.364352	74.805462	71.157146	115.187570	132.682099	94.671475	45.234526	37.511537	81.609448	137.938020	165.773335	159.978245	128.517751	83.410276	47.687595	28.211331	15.054633	5.944291	2.512187	1.521372	1.050767	0.359253	0.184931	0.621950	0.701801	0.624927	0.748980	0.463991	0.444673	0.527371	0.411231	0.314885	0.366750	0.464689	0.513097	0.509347
85.407126	103.212001	122.312010	102.570735	72.957942	83.174232	118.262697	123.042915	83.753021	41.446172	42.703229	88.487367	142.390990	170.329807	161.925590	127.422476	86.311703	52.195796	29.241586	14.933674	6.873390	3.460426	1.947855	0.561265	0.282761	0.436944	0.404795	0.778959	0.620427	0.655851	0.665673	0.405017	0.496708	0.484222	0.331755	0.340621	0.451370	0.499619	0.475369	0.446822
122.822407	103.366399	69.909930	64.965396	94.290800	120.396817	108.537012	68.028417	41.124409	56.055705	104.494429	152.661524	172.938451	159.948108	124.754599	84.452556	51.420453	28.669299	14.871428	7.263342	3.444929	1.783320	0.882650	0.143250	0.347033	0.580781	0.493906	0.796123	0.586487	0.654292	0.590612	0.382804	0.507186	0.425860	0.310949	0.398358	0.490478	0.473109	0.430832	0.439170
53.774254	67.112538	97.187022	119.946317	114.586401	83.462645	52.358434	48.822701	80.416615	128.638510	165.876247	173.840031	153.094149	116.674847	78.026662	46.783779	26.040075	13.634971	6.811355	3.256412	1.547527	0.876302	0.427604	0.107656	0.519564	0.608820	0.577751	0.774341	0.576925	0.608069	0.542757	0.361182	0.494223	0.392656	0.319949	0.440330	0.495649	0.445456	0.424625	0.474370
120.736212	115.289476	99.341663	76.472297	56.821614	54.913801	78.280063	118.525229	157.250856	176.001449	168.220545	139.362251	101.328572	66.235670	39.432226	21.574164	11.384530	5.866135	2.915191	1.419709	0.780451	0.507919	0.208516	0.239340	0.697518	0.574946	0.683582	0.695614	0.585211	0.526273	0.523462	0.333638	0.474592	0.389283	0.332706	0.462602	0.496795	0.437601	0.440642	0.511418
72.528365	70.991016	70.365345	78.514549	99.649124	130.600234	160.765368	176.947607	173.039866	149.758914	115.160145	79.872615	49.793344	28.586002	16.049138	8.693576	4.725983	2.616148	1.408658	0.780554	0.483676	0.257959	0.172963	0.529416	0.753589	0.539162	0.780678	0.564827	0.612467	0.425230	0.520302	0.314283	0.447587	0.411945	0.342421	0.470904	0.507263	0.445623	0.458030	0.534566
122.437104	127.859478	142.404842	160.708052	175.361217	179.747173	169.834087	146.339849	114.871109	81.918075	52.766410	31.546719	17.801328	9.320867	5.240036	3.262507	1.996914	1.187966	0.662027	0.341670	0.162080	0.148583	0.441062	0.767791	0.626393	0.622106	0.760755	0.463492	0.613131	0.352661	0.498400	0.331022	0.403794	0.452663	0.357040	0.465602	0.526675	0.464702	0.468435	0.543909
186.302770	184.432583	177.951782	165.416847	146.605951	122.354002	94.651257	67.745440	44.294291	26.441988	15.037441	7.915756	4.629397	3.142756	1.819735	1.072017	0.564745	0.181273	-0.004732	-0.013298	0.150851	0.477414	0.754431	0.675997	0.568858	0.766136	0.561968	0.501384	0.505349	0.377364	0.418039	0.399644	0.350994	0.487370	0.394333	0.446176	0.544918	0.495243	0.473453	0.541213
87.968685	84.996076	76.558786	64.168649	49.656522	34.922937	22.395267	12.941595	6.801480	3.536767	2.167702	1.899254	1.395112	1.286312	1.181234	0.698404	0.327329	0.172774	0.208568	0.393259	0.622019	0.732504	0.636689	0.577481	0.745751	0.648757	0.432213	0.572085	0.344421	0.466975	0.320387	0.467946	0.341309	0.476276	0.463857	0.427178	0.543484	0.536417	0.482577	0.527275
5.533790	4.933975	3.480060	1.617513	-0.179268	-1.146616	-1.393774	-1.095433	-0.273672	0.629845	0.993457	1.111838	1.267694	0.671932	0.186677	0.111823	0.136688	0.244718	0.395089	0.512064	0.552568	0.554124	0.639657	0.774759	0.652982	0.431524	0.547726	0.423933	0.367550	0.434804	0.348152	0.434823	0.423769	0.418391	0.529478	0.446133	0.510390	0.572324	0.509798	0.508192
-6.450179	-6.148546	-5.442395	-4.407625	-3.014577	-1.721991	-0.514242	0.592123	1.155951	1.224258	1.267514	0.974365	0.324013	0.304457	0.283301	0.136188	0.151232	0.270442	0.419292	0.566962	0.702962	0.805320	0.782050	0.579553	0.444311	0.550900	0.455605	0.325239	0.471860	0.315427	0.468253	0.357108	0.507860	0.411484	0.518373	0.519519	0.475136	0.569472	0.556538	0.503042
0.812478	0.863065	1.092153	1.383313	1.567249	1.856441	1.907606	1.628225	1.369712	1.010237	0.542607	0.140866	0.254094	0.031423	-0.050211	0.213098	0.474994	0.661471	0.771559	0.796359	0.734240	0.604801	0.495639	0.520648	0.577541	0.422588	0.325916	0.468601	0.340811	0.414848	0.418009	0.438127	0.453590	0.511341	0.456825	0.569199	0.503193	0.521002	0.586944	0.533013
2.528453	2.455809	2.278054	2.144884	1.970243	1.485876	1.114458	0.784020	0.309159	0.183357	-0.054388	0.132823	-0.039154	0.138810	0.514385	0.615948	0.634278	0.651542	0.653957	0.645767	0.641803	0.650591	0.633508	0.512937	0.346714	0.370005	0.470233	0.338357	0.391064	0.455687	0.383920	0.512670	0.431965	0.536996	0.498391	0.516255	0.575505	0.501062	0.555187	0.578399
0.714542	0.768065	0.759079	0.510679	0.278689	0.191736	-0.057801	-0.116463	0.013768	-0.187985	0.182446	0.085905	0.340170	0.631027	0.542489	0.561058	0.665635	0.721225	0.715552	0.659161	0.563852	0.449339	0.365092	0.381340	0.465431	0.428343	0.310474	0.414598	0.454114	0.372821	0.518446	0.423389	0.548103	0.463009	0.574960	0.496117	0.558036	0.562375	0.507790	0.570439
0.000000	-0.230542	-0.259015	-0.229148	-0.286595	-0.228806	-0.051671	-0.060810	0.070904	0.358331	0.000000	0.510285	0.741637	0.584856	0.684176	0.840205	0.830573	0.748669	0.661732	0.593091	0.000000	0.531368	0.498980	0.413755	0.314365	0.343980	0.465027	0.412715	0.382402	0.518311	0.000000	0.527118	0.489007	0.547864	0.504462	0.580072	0.502916	0.576655	0.545874	0.514560
0.000000	-0.073989	-0.125986	-0.015827	0.147573	0.162774	0.314433	0.487279	0.427149	0.664894	0.000000	0.838012	0.661952	0.731687	0.852304	0.710002	0.557530	0.475619	0.424288	0.380555	0.000000	0.312566	0.324015	0.389761	0.458454	0.426621	0.351125	0.436632	0.510887	0.421562	0.000000	0.502701	0.519538	0.541376	0.537861	0.535972	0.570667	0.510481	0.578803	0.531673
0.000000	0.425248	0.460891	0.476273	0.596179	0.660562	0.612950	0.755233	0.802813	0.670859	0.000000	0.727487	0.676686	0.805301	0.617047	0.483677	0.499823	0.520773	0.512606	0.490469	0.000000	0.435698	0.392630	0.341938	0.333467	0.417270	0.503089	0.449223	0.430363	0.548416	0.000000	0.519701	0.553972	0.514083	0.569651	0.528424	0.552207	0.557646	0.513947	0.572315
0.000000	0.731092	0.819924	0.796092	0.770624	0.846883	0.780229	0.728396	0.861851	0.679053	0.000000	0.583515	0.712694	0.581384	0.434442	0.509810	0.537988	0.483978	0.423071	0.386545	0.000000	0.399279	0.438976	0.475075	0.467714	0.413301	0.408320	0.509884	0.535478	0.461734	0.000000	0.541230	0.514141	0.578255	0.512140	0.578594	0.520862	0.555861	0.545513	0.512394
0.000000	0.773640	0.835019	0.834581	0.747597	0.761315	0.777441	0.634520	0.679395	0.674115	0.000000	0.551951	0.577415	0.382466	0.456254	0.502252	0.404624	0.323717	0.299243	0.303744	0.000000	0.328057	0.346133	0.385693	0.456268	0.523648	0.515200	0.455427	0.498416	0.575275	0.000000	0.538393	0.569916	0.512171	0.583573	0.510601	0.576009	0.514299	0.551348	0.535700
0.000000	0.675064	0.680679	0.701982	0.638827	0.588572	0.649742	0.558142	0.475848	0.595064	0.000000	0.523571	0.392657	0.362094	0.473803	0.381389	0.299058	0.322225	0.375721	0.417459	0.000000	0.455646	0.454654	0.439587	0.423980	0.444157	0.517609	0.568003	0.515874	0.496561	0.000000	0.536055	0.528766	0.578944	0.510641	0.578717	0.507514	0.567767	0.508325	0.542141
0.000000	0.551124	0.516250	0.537623	0.521543	0.447774	0.495300	0.497672	0.360233	0.478287	0.000000	0.453960	0.304206	0.416736	0.413851	0.304485	0.343606	0.427623	0.468416	0.479247	0.000000	0.499211	0.520203	0.539634	0.540054	0.509465	0.475810	0.503832	0.575834	0.558313	0.000000	0.571591	0.552569	0.521098	0.576303	0.507563	0.569499	0.502779	0.557149	0.503310
0.000000	0.459874	0.408394	0.418309	0.436477	0.372441	0.383618	0.450928	0.331553	0.384447	0.000000	0.383101	0.321135	0.447700	0.351058	0.336422	0.441233	0.479287	0.458442	0.436650	0.000000	0.441794	0.462320	0.493773	0.535099	0.571106	0.569251	0.522111	0.502513	0.563423	0.000000	0.510978	0.558359	0.556267	0.514476	0.567972	0.502828	0.558872	0.497405	0.545509
0.000000	0.415256	0.362805	0.361018	0.395066	0.353051	0.333168	0.424023	0.353765	0.340256	0.000000	0.348207	0.385484	0.444855	0.342857	0.421676	0.495545	0.462182	0.422690	0.419011	0.000000	0.453710	0.465803	0.472768	0.483336	0.510882	0.557079	0.587272	0.556094	0.509138	0.000000	0.579463	0.514383	0.546007	0.551691	0.508459	0.557278	0.497447	0.547867	0.492820
0.000000	0.409468	0.362393	0.353122	0.390978	0.369196	0.331450	0.419474	0.396570	0.340004	0.000000	0.353382	0.450805	0.434601	0.384393	0.496122	0.499401	0.439996	0.434997	0.470269	0.000000	0.531384	0.542122	0.540657	0.527877	0.509845	0.505108	0.534545	0.579192	0.571145	0.000000	0.532655	0.572877	0.512750	0.536015	0.542397	0.503402	0.545586	0.492849	0.536402
