# I matrix for ω = 3.00 eV
0.441912	0.042458	0.193550	0.409205	1.792792	0.788477	-0.196056	0.814978	1.300327	20.095726	4.334361	-4.922298	8.322500	17.862805	200.120125	54.236360	-22.760782	28.728957	53.233413	608.499918	146.486088	-23.188341	10.141591	10.536552	147.250216	47.873735	-9.190959	4.411627	0.658453	5.765195	3.579309	0.429751	1.087480	0.400575	0.192994	0.534169	0.675743	0.596250	0.385213	0.266341
0.447893	0.021255	0.275371	0.332713	1.719406	0.599758	-0.557733	0.938914	1.453994	20.727237	4.289468	-5.744838	7.252537	22.693311	202.747412	50.467030	-24.367727	25.993752	69.928372	606.516961	134.423941	-22.676961	9.895781	13.711583	148.303219	44.511030	-9.043182	4.544390	0.628165	5.892175	3.471371	0.436752	1.059981	0.364525	0.204713	0.557427	0.695232	0.606625	0.389768	0.270431
0.486851	0.144093	0.523861	0.128665	1.411866	0.147302	-1.278699	1.160859	2.353386	21.790592	4.784986	-7.236761	2.822119	38.158615	207.913020	41.200533	-27.233530	14.499722	125.176320	593.519483	101.376794	-20.501085	8.493538	24.631121	149.750298	34.922681	-8.385670	4.816881	0.667736	6.172385	3.138317	0.504631	0.985729	0.246173	0.218664	0.612149	0.750473	0.642194	0.412193	0.292626
0.617636	0.741925	0.667096	0.231418	1.074186	0.235853	-0.647290	0.547875	5.542938	20.915339	6.061550	-5.506432	-6.239461	66.605868	205.615741	30.730172	-23.767793	-12.127547	228.948412	550.845467	56.738670	-15.045351	4.250655	46.773349	146.690714	20.784537	-6.647014	4.797018	1.178495	6.348860	2.521408	0.727815	0.920694	0.058754	0.183572	0.639431	0.806856	0.692408	0.459812	0.348326
0.635203	0.899291	0.146810	1.258048	1.604770	1.301744	1.863290	-1.479540	11.374039	17.875580	3.923765	2.599375	-14.044839	112.543381	179.482247	17.585948	-2.816292	-47.116714	377.193868	458.258292	14.012724	-5.201216	-3.169350	82.722962	132.329974	5.240739	-3.257692	3.891179	2.588527	6.218796	1.555528	1.049405	0.952068	-0.053209	0.115121	0.568440	0.771794	0.679847	0.481838	0.405694
-0.041460	-0.223565	0.153928	1.459755	1.845538	-0.163609	0.349772	-0.369676	17.106552	16.136263	-3.203558	6.878585	-7.682727	178.859757	127.706850	-8.491403	26.526526	-41.615917	523.977834	314.453962	-15.271362	5.624377	-5.479465	127.408428	101.356852	-6.884745	1.128541	2.424122	4.593452	5.695570	0.619387	1.139147	0.916695	0.082229	0.220643	0.510517	0.635731	0.527304	0.379595	0.363909
0.817108	1.197333	1.340590	2.358803	0.815727	0.049166	0.197543	3.509385	26.664269	9.971034	-3.185027	0.840786	26.271536	229.813201	78.482583	-29.750309	12.878866	88.222923	576.484892	155.315135	-24.028509	6.822478	19.995224	159.689508	56.510111	-10.428248	3.859957	2.233393	6.345051	4.151545	0.558260	1.099843	0.460104	0.159733	0.505316	0.704468	0.657731	0.426387	0.262193	0.266553
-0.090232	-0.241702	1.259856	2.766075	1.550477	0.593658	-0.159351	13.282782	24.173347	5.604377	0.292517	-10.363078	126.660269	201.396802	27.052626	2.808915	-46.082705	346.955656	462.914898	34.761246	-8.863919	-4.189506	87.649720	149.035823	14.336329	-5.961017	4.230195	3.756060	7.433756	1.703187	0.825327	1.357056	0.183695	0.008535	0.457132	0.783936	0.759981	0.521430	0.369484	0.368750
2.091547	1.874594	4.336511	3.295542	-0.427920	2.147651	1.519817	31.620723	21.800743	-6.774732	8.044804	7.436048	236.370993	133.953314	-26.943266	16.220675	31.706598	535.485169	239.025047	-19.132695	4.901589	10.335395	159.876755	91.918482	-8.447675	0.660883	3.886202	6.853475	5.614269	0.682157	1.051761	0.868358	0.239324	0.343416	0.553926	0.642150	0.513103	0.350112	0.330118	0.413971
-1.701776	1.917823	3.039952	-0.188071	2.324883	-3.920269	21.439344	34.186002	2.491079	8.155205	-21.751013	155.801981	232.520028	27.216988	10.014853	-46.616874	338.852939	442.723423	48.002844	-9.647293	-7.173675	99.988572	164.145477	23.640983	-8.992013	4.594963	5.437093	8.805822	2.256974	0.342731	1.597530	0.569986	-0.014888	0.316370	0.759025	0.830252	0.563225	0.329149	0.280218	0.339445
3.800538	4.506598	2.722426	1.617399	-1.727553	13.605744	45.016701	21.986063	0.107053	-13.815356	69.995416	274.444052	121.033173	-8.833508	-25.948698	137.884119	494.253904	175.281657	-14.757735	-4.804053	44.822713	185.939528	82.526204	-10.015847	0.564487	5.649579	10.205829	5.391056	0.117506	1.443010	1.034942	0.175493	0.314880	0.617897	0.717332	0.547472	0.348792	0.314177	0.401038	0.499824
20.669302	10.277788	3.236479	1.474030	6.534726	56.504964	43.601598	3.372027	-3.671979	25.876759	277.728036	206.195972	6.304762	-16.197324	45.403543	435.437722	275.436656	6.074663	-9.860318	18.122780	177.845836	138.255613	4.281356	-6.790897	6.058622	11.453437	8.902510	0.736560	0.758274	1.450846	0.711064	0.266433	0.273790	0.615656	0.780549	0.611274	0.396073	0.317104	0.346266	0.399994
17.852628	19.193487	-1.081405	4.530194	75.813884	61.910996	18.147870	-9.524346	23.037149	291.557132	262.119555	43.192175	-23.936138	34.272179	366.962838	299.195626	37.886199	-14.736054	16.940652	176.745456	171.523334	23.706327	-11.359453	5.362490	14.050712	12.388261	1.703313	0.078515	1.568720	1.299350	0.370201	0.043666	0.572499	0.935623	0.697118	0.325676	0.201578	0.295722	0.437431	0.527780
-2.124975	4.787579	68.091082	132.893381	83.724363	10.964831	-30.581093	81.616452	337.665246	281.308530	46.576605	-46.579494	52.834067	288.829842	236.264082	39.088575	-19.697399	45.705894	197.941537	180.727187	34.757021	-12.391915	6.255659	19.984966	15.276971	2.466475	-0.591764	1.665762	1.805070	0.675248	-0.078082	0.464534	0.964499	0.732353	0.354236	0.259101	0.365055	0.473607	0.507385	0.491110
93.207606	137.282446	175.138089	127.900685	64.584965	73.085234	225.022329	355.447621	227.646969	35.039555	3.510039	118.172760	234.374649	176.821997	55.334166	34.618043	125.422341	216.805997	152.935404	27.757687	-5.767454	15.933412	26.090283	15.438008	1.945522	-1.102130	2.300831	2.189971	0.921000	-0.109616	0.311951	0.992385	0.801077	0.421872	0.325721	0.374604	0.405391	0.405705	0.412292	0.439771
288.725311	203.113759	44.918719	-19.892556	72.159938	236.222956	284.343405	159.414029	22.932912	-7.760046	38.867867	82.446595	72.396465	54.194952	92.605160	164.710018	182.231920	108.791632	32.098628	18.155801	30.593138	28.610294	12.801006	1.019282	0.820293	2.951957	2.601754	0.620376	0.048166	0.263650	1.022696	0.901010	0.434959	0.338040	0.372986	0.358834	0.359309	0.414556	0.487253	0.537705
34.280012	71.916842	159.370913	238.833383	250.964339	173.147587	60.766476	2.682795	24.266219	85.447561	137.287344	157.265710	162.018603	174.869678	181.560244	151.272356	92.773670	49.018988	36.366956	32.933124	22.388511	9.621845	3.067261	2.422389	3.279377	2.085858	0.436423	0.217808	0.601067	0.883519	0.961924	0.440159	0.291890	0.401797	0.377760	0.346883	0.416536	0.506717	0.540734	0.524761
4.373456	37.977502	110.148166	160.409542	149.570010	92.425688	35.233366	9.126969	18.793846	49.167456	83.921789	116.511063	139.779240	145.936899	126.014567	92.249804	64.447118	47.423786	34.537789	21.237620	10.603191	5.572133	4.106832	2.746391	1.595050	0.749074	0.371010	0.880731	0.817147	0.748660	0.587142	0.257057	0.391824	0.454896	0.357530	0.383739	0.490175	0.528852	0.494575	0.458036
210.330870	185.319696	122.580344	54.039185	13.280520	16.258777	56.628997	111.764948	159.660944	187.509808	193.593418	182.918132	158.140501	125.867838	91.791756	64.033976	44.497981	29.819890	18.298631	10.121712	5.706817	3.884615	2.664118	1.255181	0.845277	0.810204	0.677931	0.925002	0.588454	0.555900	0.461242	0.293804	0.479332	0.439992	0.344827	0.433118	0.519767	0.495821	0.445967	0.448117
144.204631	126.140976	81.546262	34.217764	7.459344	11.081598	40.848831	82.182279	119.898918	143.761043	149.472450	139.146942	117.245712	91.968747	67.224001	46.468737	30.564194	18.821747	10.940457	6.189094	3.708120	2.465767	1.484957	0.724356	0.870233	0.810315	0.661260	0.741768	0.470578	0.494823	0.460879	0.326920	0.498283	0.415651	0.350763	0.469471	0.520253	0.464425	0.436804	0.481323
16.166665	28.163469	60.326769	103.700351	147.115037	179.820768	196.612224	196.226442	181.743844	158.177329	129.624723	101.343079	74.932761	53.984248	37.286082	24.346661	15.204690	9.053949	5.331192	3.219248	2.124300	1.479922	0.863666	0.639247	0.913517	0.644012	0.646485	0.591572	0.477857	0.445671	0.481532	0.325947	0.490255	0.414377	0.361380	0.488649	0.517941	0.453249	0.450080	0.516389
1.001091	12.749317	43.963902	85.319480	125.527052	154.230637	167.064301	163.283911	146.618300	122.845914	95.855131	71.635464	50.014148	33.691615	22.138742	13.736217	8.195422	4.710823	2.796652	1.830027	1.290977	0.850580	0.561764	0.739261	0.823385	0.500149	0.685941	0.453904	0.532780	0.373663	0.504176	0.320955	0.469390	0.438183	0.369121	0.494107	0.524889	0.458013	0.464924	0.537616
222.081790	218.795487	209.120027	193.926715	174.282163	151.614885	127.745450	103.985330	81.892904	62.461394	45.713360	32.717204	22.591663	14.523194	9.235238	5.826060	3.636823	2.267422	1.450874	0.990882	0.679461	0.516337	0.651044	0.840217	0.593580	0.527078	0.654248	0.374572	0.560732	0.324553	0.500245	0.347033	0.428927	0.478905	0.380945	0.485576	0.540753	0.473944	0.473060	0.545204
218.921365	213.279640	197.550324	174.102402	145.894464	116.958947	89.559820	65.952976	47.123245	32.143154	21.960114	13.829588	9.076403	5.760740	3.158625	1.714757	0.947884	0.630111	0.474159	0.409899	0.475567	0.674012	0.821194	0.641346	0.473083	0.659238	0.472532	0.442421	0.473223	0.371291	0.430980	0.421931	0.376767	0.512186	0.414761	0.462500	0.555709	0.501533	0.476122	0.541034
58.336729	57.029152	53.179750	47.239902	40.327576	32.926788	25.984121	19.895567	14.453697	10.416876	6.983902	4.880801	2.720827	1.746032	1.317366	0.871870	0.600647	0.489278	0.549662	0.684747	0.800863	0.784784	0.593031	0.482505	0.641854	0.562196	0.368696	0.536752	0.331699	0.478526	0.338654	0.493698	0.365570	0.498237	0.480696	0.439556	0.551402	0.540116	0.483555	0.525996
-9.759616	-9.378463	-8.313673	-6.597842	-4.706979	-2.861309	-1.325080	-0.380066	0.378089	0.685647	0.671100	0.466671	0.661339	0.273928	0.071536	0.218070	0.422881	0.584859	0.653012	0.649346	0.578254	0.503614	0.551676	0.678108	0.567716	0.364905	0.507865	0.410251	0.374898	0.452791	0.371021	0.459705	0.445708	0.436349	0.542885	0.454743	0.515671	0.574048	0.509283	0.506179
-4.647759	-4.465609	-3.923488	-3.277794	-2.499752	-1.743883	-1.129085	-0.491350	-0.257801	-0.153496	-0.005584	0.094941	-0.146597	0.206514	0.440916	0.433816	0.421525	0.452467	0.520311	0.585441	0.658073	0.723560	0.685859	0.490705	0.376314	0.511671	0.443490	0.330225	0.488364	0.336032	0.493900	0.377859	0.527034	0.425208	0.528264	0.525167	0.477831	0.569845	0.554864	0.500486
3.676108	3.576626	3.312951	3.042772	2.597400	2.145961	1.683861	1.053926	0.801282	0.472962	0.331632	0.108787	0.432516	0.301102	0.237127	0.438865	0.639592	0.756418	0.775679	0.735687	0.640617	0.504138	0.410626	0.461490	0.544729	0.411221	0.328217	0.482778	0.361612	0.439158	0.438915	0.456902	0.467883	0.521822	0.463143	0.572610	0.503784	0.520190	0.584694	0.529992
2.359628	2.356803	2.225038	1.892771	1.620720	1.193367	0.850244	0.711331	0.268706	0.376811	0.133499	0.468189	0.248734	0.408147	0.719029	0.749011	0.682102	0.609971	0.573030	0.554508	0.555684	0.581144	0.582854	0.480644	0.332735	0.371774	0.485475	0.359886	0.413366	0.476224	0.401801	0.527982	0.441819	0.544283	0.502039	0.517527	0.574903	0.499093	0.552710	0.575223
0.078577	0.000070	-0.061940	-0.092794	-0.206839	-0.151909	-0.198790	-0.168942	0.173353	-0.015010	0.448096	0.262508	0.539901	0.754338	0.592618	0.547221	0.596494	0.646598	0.640123	0.583374	0.497427	0.399153	0.336174	0.373626	0.472704	0.444517	0.329494	0.434328	0.474279	0.390639	0.533308	0.432858	0.556110	0.466438	0.576937	0.495688	0.556548	0.559868	0.504926	0.567501
-0.402168	-0.393972	-0.404347	-0.339296	-0.259672	-0.159112	0.066289	0.082767	0.211916	0.475059	0.440231	0.608790	0.771229	0.568989	0.638451	0.769219	0.764827	0.678703	0.588050	0.534485	0.515798	0.515502	0.496680	0.419578	0.327020	0.361621	0.485615	0.433129	0.398971	0.531653	0.439492	0.534963	0.492555	0.550096	0.504164	0.578973	0.500590	0.574048	0.542844	0.511715
0.004716	0.073449	0.160663	0.205479	0.324364	0.337715	0.441397	0.638058	0.494526	0.757143	0.598997	0.849503	0.612970	0.680964	0.791889	0.648963	0.495730	0.412651	0.381474	0.357669	0.328712	0.310858	0.332205	0.406220	0.477976	0.445601	0.367899	0.450962	0.523902	0.431569	0.534378	0.506259	0.521727	0.541489	0.536765	0.533906	0.568252	0.507627	0.576053	0.528856
0.529902	0.539359	0.593375	0.626517	0.672171	0.718574	0.647723	0.771599	0.826705	0.676302	0.836955	0.674060	0.639126	0.757442	0.562962	0.434989	0.452711	0.493666	0.502868	0.487655	0.469264	0.446237	0.406314	0.356679	0.349663	0.433923	0.518298	0.461574	0.438644	0.554273	0.491866	0.521906	0.554094	0.512948	0.568063	0.525938	0.549602	0.554989	0.511280	0.569903
0.796802	0.759745	0.736465	0.753606	0.745748	0.818846	0.769632	0.684810	0.853293	0.629826	0.777719	0.531220	0.685102	0.540173	0.399706	0.483510	0.524069	0.484059	0.423513	0.389230	0.388164	0.413323	0.456094	0.492247	0.482039	0.424698	0.417741	0.517660	0.541871	0.465456	0.550059	0.541247	0.513358	0.576791	0.509611	0.576411	0.518136	0.553386	0.543148	0.510208
0.777350	0.750913	0.708743	0.707103	0.685733	0.717971	0.761193	0.606915	0.651059	0.632721	0.540511	0.527609	0.549822	0.359637	0.445275	0.496497	0.408260	0.326884	0.302402	0.313928	0.330122	0.342144	0.358696	0.397676	0.468052	0.533570	0.522154	0.459753	0.500686	0.576826	0.504437	0.537613	0.568222	0.509986	0.581591	0.507834	0.573865	0.511880	0.549291	0.533819
0.623400	0.626181	0.611177	0.602158	0.584118	0.558620	0.636039	0.555700	0.447606	0.579880	0.368605	0.520474	0.372332	0.358612	0.474925	0.383525	0.304091	0.325020	0.384619	0.431535	0.456732	0.467665	0.465042	0.447684	0.430075	0.449535	0.522270	0.571162	0.517315	0.496142	0.579920	0.534712	0.526984	0.576805	0.508114	0.576788	0.505058	0.565958	0.506405	0.540572
0.470520	0.491212	0.506487	0.501587	0.490480	0.433072	0.483216	0.504588	0.343932	0.478279	0.325473	0.459125	0.296053	0.421620	0.416124	0.308116	0.348290	0.434606	0.481251	0.490874	0.494003	0.506523	0.527524	0.546476	0.545088	0.512047	0.476988	0.504525	0.576057	0.558008	0.501993	0.569564	0.550527	0.519056	0.574316	0.505253	0.567882	0.500819	0.555761	0.501900
0.375795	0.399778	0.429931	0.433013	0.428956	0.368369	0.373272	0.456443	0.327829	0.387821	0.358264	0.388029	0.322236	0.452070	0.352408	0.341479	0.447297	0.489126	0.469154	0.443146	0.436827	0.446708	0.466699	0.497388	0.538276	0.573455	0.569913	0.521378	0.501209	0.561958	0.575970	0.509270	0.556287	0.554224	0.512582	0.566358	0.500948	0.557641	0.495949	0.544515
0.341548	0.361258	0.392986	0.402556	0.404660	0.355587	0.325508	0.425756	0.358172	0.342632	0.410848	0.349649	0.391001	0.446614	0.345116	0.428145	0.502075	0.470668	0.428250	0.421658	0.439120	0.457974	0.469026	0.474364	0.483761	0.511099	0.557367	0.586898	0.554804	0.507296	0.544995	0.577815	0.512748	0.544246	0.549961	0.506897	0.556072	0.496028	0.546998	0.491802
0.349158	0.363125	0.390482	0.403807	0.410635	0.375579	0.326795	0.418671	0.404707	0.341399	0.457877	0.351393	0.457684	0.434984	0.388354	0.502505	0.504530	0.445134	0.436666	0.471723	0.510475	0.534463	0.544012	0.541515	0.527724	0.508762	0.503800	0.533607	0.578251	0.569830	0.513860	0.530710	0.571290	0.511345	0.534656	0.541062	0.502217	0.544739	0.491844	0.535826
