# I matrix for ω = 3.00 eV
0.557214	0.702503	0.906007	0.338210	-0.742012	0.640399	0.386468	0.764422	0.587179	1.751169	-1.144975	0.043708	2.814252	0.330584	-2.424627	0.528082	4.403789	0.367129	-6.289787	9.538124	-3.968443	-5.424077	20.993889	486.376891	506.933278	151.210458	-19.531546	-13.871734	7.771087	6.331763	-0.412248	-3.002639	-1.539318	0.727387	1.859131	1.840638	1.297827	0.705159	0.269816	0.032342
0.702503	0.814046	0.878706	0.135703	-0.742026	0.834963	0.186513	1.025812	0.353209	1.847364	-1.022006	-0.248538	2.823520	0.690488	-2.348292	-0.034376	4.374755	1.047193	-6.606329	8.929592	-2.280056	-8.337104	28.614336	494.374902	500.777296	145.094184	-20.407186	-13.351543	7.956779	6.179514	-0.495387	-2.975618	-1.520648	0.735593	1.874620	1.854286	1.299825	0.696598	0.256649	0.019312
0.906007	0.878706	0.524177	-0.444423	-0.434845	1.179955	-0.282877	1.690055	-0.145779	1.781067	-0.361208	-0.969366	2.426218	1.690041	-1.654818	-1.600412	3.785461	3.045796	-6.980304	6.486123	3.137677	-17.249880	53.441530	516.480047	481.322233	127.445310	-22.663397	-11.785712	8.448163	5.744101	-0.766145	-2.880472	-1.442286	0.749038	1.900565	1.890197	1.315396	0.684605	0.227956	-0.013659
0.338210	0.135703	-0.444423	-0.688664	0.640399	0.776380	-0.140315	1.853183	0.059035	0.613248	1.033171	-1.089501	0.754969	2.432209	0.624580	-3.122908	1.456373	5.567682	-5.597384	0.828503	12.444711	-31.721286	100.609963	546.602875	446.184530	100.447570	-25.352657	-9.127163	9.004467	5.115355	-1.263467	-2.722905	-1.230800	0.769973	1.879292	1.909984	1.350726	0.701647	0.220030	-0.037720
-0.742012	-0.742026	-0.434845	0.640399	1.071358	-0.360733	1.500697	0.353209	1.604038	-1.140069	1.318033	1.050832	-1.248226	0.745140	3.679440	-1.872915	-2.534942	5.771363	-0.207185	-8.097263	22.820838	-47.679808	175.679107	573.871434	393.314439	67.716386	-27.261025	-5.318294	9.222907	4.389791	-1.895958	-2.624182	-0.832532	0.897732	1.787790	1.822795	1.342954	0.742209	0.267548	-0.002473
0.640399	0.834963	1.179955	0.776380	-0.360733	1.025812	1.325210	0.247565	0.918228	0.216537	-0.969366	2.760015	0.330584	-2.336970	2.624377	2.888712	-3.713114	0.344732	8.029094	-14.992940	25.356879	-52.630845	279.562188	583.672755	323.186034	33.657971	-26.890396	-0.782706	8.977263	3.343308	-2.299328	-2.659350	-0.442070	1.237191	1.787187	1.632594	1.178252	0.683396	0.296000	0.070469
0.386468	0.186513	-0.282877	-0.140315	1.500697	1.325210	-0.088078	1.781067	-1.144975	1.128493	0.667768	-0.654286	2.254990	0.624580	-2.732440	3.434672	2.398360	-6.606329	10.034965	-8.496858	8.039517	-22.234242	402.222707	560.976793	239.699191	3.253069	-22.807278	3.229879	8.637676	1.687250	-2.448995	-2.397396	-0.288260	1.490495	1.983071	1.604325	0.990839	0.479939	0.161225	0.018374
0.764422	1.025812	1.690055	1.853183	0.353209	0.247565	1.781067	-1.205911	1.552640	-1.089501	2.167815	0.690488	-2.178280	3.693764	0.198211	-3.347527	5.771363	-2.036661	-3.054449	14.206987	-28.942235	71.509254	516.480047	494.450534	151.210458	-17.576221	-15.961068	6.498201	7.537958	0.292403	-2.937858	-1.759951	0.153025	1.458923	1.920206	1.649972	1.036126	0.450365	0.069282	-0.094253
0.587179	0.353209	-0.145779	0.059035	1.604038	0.918228	-1.144975	1.552640	-1.238425	2.823520	-1.102179	0.745140	2.161956	-2.968391	3.785461	0.367129	-4.212552	10.253445	-15.145171	25.356879	-53.531737	233.014142	580.212476	385.565951	72.042128	-26.687534	-8.043064	9.004467	5.351550	-0.862555	-2.913731	-1.520648	0.716439	1.794916	1.780771	1.350004	0.864810	0.450996	0.162359	0.014732
1.751169	1.847364	1.781067	0.613248	-1.140069	0.216537	1.128493	-1.089501	2.823520	-1.313175	2.062602	-0.862686	0.528082	2.888712	-4.016704	5.436193	-2.883466	0.828503	5.012580	-8.337104	0.241403	422.596912	560.976793	254.473246	12.905855	-25.430794	0.495032	8.943871	3.478078	-2.220159	-2.636602	-0.722577	0.897732	1.813045	1.888217	1.355594	0.695652	0.218847	-0.013659	-0.061441
-1.144975	-1.022006	-0.361208	1.033171	1.318033	-0.969366	0.667768	2.167815	-1.102179	2.062602	-1.654818	2.624377	-0.364125	-0.932044	4.741188	-6.606329	10.855266	-14.997163	25.828238	-52.602269	175.679107	560.443277	453.437653	127.445310	-19.531546	-15.961068	6.035408	8.023737	0.804986	-2.605277	-2.242556	-0.273485	1.484886	1.932992	1.581223	1.087603	0.649335	0.296000	0.059734	-0.043015
0.043708	-0.248538	-0.969366	-1.089501	1.050832	2.760015	-0.654286	0.690488	0.745140	-0.862686	2.624377	-1.411621	1.456373	1.047193	-2.039996	5.560932	-8.097263	14.206987	-17.249880	6.798696	412.512255	570.607266	292.286015	33.657971	-27.435217	-4.779665	9.199973	5.115355	-0.862555	-2.975618	-1.579019	0.575163	1.570376	1.825461	1.608041	1.038760	0.443323	0.064330	-0.071970	-0.047788
2.814252	2.823520	2.426218	0.754969	-1.248226	0.330584	2.254990	-2.178280	2.161956	0.528082	-0.364125	1.456373	-0.300066	1.132818	-0.207185	2.072847	-3.968443	14.759501	-50.403408	233.014142	571.051360	446.184530	133.209627	-16.490157	-18.618007	4.321367	8.637676	2.295933	-2.342434	-2.658080	-0.623534	0.897732	1.841115	1.911370	1.315396	0.705159	0.334920	0.135247	0.029253	-0.000932
0.330584	0.690488	1.690041	2.432209	0.745140	-2.336970	0.624580	3.693764	-2.968391	2.888712	-0.932044	1.047193	1.132818	-2.036661	6.486123	-11.993299	25.356879	-49.260711	100.609963	494.374902	544.513102	254.473246	24.162104	-27.354801	-5.318294	9.073393	5.744101	-0.256737	-3.046610	-1.759951	-0.038547	1.480595	1.995493	1.584676	1.087603	0.683396	0.298100	0.006763	-0.108378	-0.065417
-2.424627	-2.348292	-1.654818	0.624580	3.679440	2.624377	-2.732440	0.198211	3.785461	-4.016704	4.741188	-2.039996	-0.207185	6.486123	-13.641527	26.071856	-36.988956	28.614336	402.222707	581.029057	362.194627	85.710714	-22.663397	-15.961068	5.076075	8.597137	2.451678	-2.299328	-2.630871	-1.007472	0.758242	1.874620	1.780771	1.429480	1.011257	0.472650	0.065896	-0.071970	-0.028449	0.073690
0.528082	-0.034376	-1.600412	-3.122908	-1.872915	2.888712	3.434672	-3.347527	0.367129	5.436193	-6.606329	5.560932	2.072847	-11.993299	26.071856	-31.721286	0.241403	336.963283	581.629932	438.838083	151.210458	-6.585969	-24.212355	-0.782706	9.212475	5.115355	-0.495387	-3.060837	-1.795064	-0.153192	1.490495	1.873015	1.649802	1.319464	0.722137	0.218847	0.032342	0.016585	0.029577	0.058390
4.403789	4.374755	3.785461	1.456373	-2.534942	-3.713114	2.398360	5.771363	-4.212552	-2.883466	10.855266	-8.097263	-3.968443	25.356879	-36.988956	0.241403	314.213801	573.871434	481.322233	203.922985	15.569550	-27.435217	-8.043064	7.956779	7.670834	1.144981	-2.382820	-2.658080	-0.832532	0.763182	1.859131	1.766202	1.547205	1.036126	0.425048	0.145770	0.064508	-0.004646	-0.031795	0.037620
0.367129	1.047193	3.045796	5.567682	5.771363	0.344732	-6.606329	-2.036661	10.253445	0.828503	-14.997163	14.206987	14.759501	-49.260711	28.614336	336.963283	573.871434	494.450534	232.403180	33.657971	-26.687534	-13.351543	5.320091	8.706750	3.478078	-1.736736	-2.880472	-1.607267	0.153025	1.480595	1.932992	1.632594	1.332429	0.701647	0.256649	0.125012	0.014732	-0.070708	-0.020594	0.134255
-6.289787	-6.606329	-6.980304	-5.597384	-0.207185	8.029094	10.034965	-3.054449	-15.145171	5.012580	25.828238	-17.249880	-50.403408	100.609963	402.222707	581.629932	481.322233	232.403180	40.494146	-25.352657	-16.488058	3.229879	9.011508	4.792450	-0.412248	-2.937858	-2.242556	-0.364877	0.998588	1.879292	1.826931	1.429480	1.038450	0.425558	0.161225	0.075084	-0.053353	-0.069416	0.070504	0.239924
9.538124	8.929592	6.486123	0.828503	-8.097263	-14.992940	-8.496858	14.206987	25.356879	-8.337104	-52.602269	6.798696	233.014142	494.374902	581.029057	438.838083	203.922985	33.657971	-25.352657	-17.549117	1.975880	9.195055	5.744101	0.292403	-2.473428	-2.659350	-1.007472	0.735593	1.570376	1.972832	1.604325	1.154732	0.742209	0.218847	0.087754	0.020953	-0.078966	-0.011019	0.166841	0.299820
-3.968443	-2.280056	3.137677	12.444711	22.820838	25.356879	8.039517	-28.942235	-53.531737	0.241403	175.679107	412.512255	571.051360	544.513102	362.194627	151.210458	15.569550	-26.687534	-16.488058	1.975880	9.222907	6.331763	0.804986	-2.352632	-2.627377	-1.520648	0.307881	1.486065	1.834185	1.822795	1.315396	0.842720	0.489813	0.066356	0.029693	-0.004646	-0.060691	0.063574	0.242493	0.336054
-5.424077	-8.337104	-17.249880	-31.721286	-47.679808	-52.630845	-22.234242	71.509254	233.014142	422.596912	560.443277	570.607266	446.184530	254.473246	85.710714	-6.585969	-27.435217	-13.351543	3.229879	9.195055	6.331763	1.024820	-2.299328	-2.722905	-1.617366	-0.153192	1.344842	1.813045	1.840638	1.500508	1.013682	0.531363	0.298100	-0.037720	-0.008394	0.008132	-0.015241	0.134255	0.305335	0.373419
20.993889	28.614336	53.441530	100.609963	175.679107	279.562188	402.222707	516.480047	580.212476	560.976793	453.437653	292.286015	133.209627	24.162104	-22.663397	-24.212355	-8.043064	5.320091	9.011508	5.744101	0.804986	-2.299328	-2.781215	-1.678690	-0.288260	1.036663	1.900565	1.784681	1.663499	1.087603	0.738955	0.256649	0.162359	-0.087651	-0.028449	0.054615	0.047263	0.195851	0.364174	0.419474
486.376891	494.374902	516.480047	546.602875	573.871434	583.672755	560.976793	494.450534	385.565951	254.473246	127.445310	33.657971	-16.490157	-27.354801	-15.961068	-0.782706	7.956779	8.706750	4.792450	0.292403	-2.352632	-2.722905	-1.678690	-0.311863	0.897732	1.818958	1.920206	1.584676	1.332429	0.696598	0.487883	0.064330	0.057763	-0.073265	-0.035006	0.120831	0.126476	0.247739	0.419155	0.473317
506.933278	500.777296	481.322233	446.184530	393.314439	323.186034	239.699191	151.210458	72.042128	12.905855	-19.531546	-27.435217	-18.618007	-5.318294	5.076075	9.212475	7.670834	3.478078	-0.412248	-2.473428	-2.627377	-1.617366	-0.288260	0.897732	1.768778	1.986850	1.605019	1.350726	0.864810	0.443323	0.224049	-0.002473	-0.039919	-0.000932	-0.018607	0.182321	0.225730	0.294317	0.462990	0.531380
151.210458	145.094184	127.445310	100.447570	67.716386	33.657971	3.253069	-17.576221	-26.687534	-25.430794	-15.961068	-4.779665	4.321367	9.073393	8.597137	5.115355	1.144981	-1.736736	-2.937858	-2.659350	-1.520648	-0.153192	1.036663	1.818958	1.986850	1.632594	1.322595	0.984050	0.435812	0.300291	-0.013659	0.020953	-0.098541	0.076561	0.052866	0.215100	0.336054	0.350758	0.487129	0.585155
-19.531546	-20.407186	-22.663397	-25.352657	-27.261025	-26.890396	-22.807278	-15.961068	-8.043064	0.495032	6.035408	9.199973	8.637676	5.744101	2.451678	-0.495387	-2.382820	-2.880472	-2.242556	-1.007472	0.307881	1.344842	1.900565	1.920206	1.605019	1.322595	1.011257	0.479939	0.267548	0.087754	-0.067991	-0.002047	-0.031795	0.092327	0.189680	0.234842	0.419616	0.436207	0.496635	0.617753
-13.871734	-13.351543	-11.785712	-9.127163	-5.318294	-0.782706	3.229879	6.498201	9.004467	8.943871	8.023737	5.115355	2.295933	-0.256737	-2.299328	-3.060837	-2.658080	-1.607267	-0.364877	0.735593	1.486065	1.813045	1.784681	1.584676	1.350726	0.984050	0.479939	0.251031	0.135247	-0.094253	0.019019	-0.065417	0.116343	0.100478	0.305335	0.311036	0.439298	0.537025	0.523625	0.615086
7.771087	7.956779	8.448163	9.004467	9.222907	8.977263	8.637676	7.537958	5.351550	3.478078	0.804986	-0.862555	-2.342434	-3.046610	-2.630871	-1.795064	-0.832532	0.153025	0.998588	1.570376	1.834185	1.840638	1.663499	1.332429	0.864810	0.435812	0.267548	0.135247	-0.090237	-0.004646	-0.026661	0.048181	0.147913	0.234934	0.316001	0.448043	0.445655	0.585780	0.596167	0.598706
6.331763	6.179514	5.744101	5.115355	4.389791	3.343308	1.687250	0.292403	-0.862555	-2.220159	-2.605277	-2.975618	-2.658080	-1.759951	-1.007472	-0.153192	0.763182	1.480595	1.879292	1.972832	1.822795	1.500508	1.087603	0.696598	0.443323	0.300291	0.087754	-0.094253	-0.004646	-0.009285	0.010087	0.179907	0.174464	0.363031	0.362220	0.501947	0.535873	0.563496	0.662808	0.626416
-0.412248	-0.495387	-0.766145	-1.263467	-1.895958	-2.299328	-2.448995	-2.937858	-2.913731	-2.636602	-2.242556	-1.579019	-0.623534	-0.038547	0.758242	1.490495	1.859131	1.932992	1.826931	1.604325	1.315396	1.013682	0.738955	0.487883	0.224049	-0.013659	-0.067991	0.019019	-0.026661	0.010087	0.183602	0.165579	0.353887	0.350653	0.508020	0.486138	0.619067	0.592029	0.643085	0.690401
-3.002639	-2.975618	-2.880472	-2.722905	-2.624182	-2.659350	-2.397396	-1.759951	-1.520648	-0.722577	-0.273485	0.575163	0.897732	1.480595	1.874620	1.873015	1.766202	1.632594	1.429480	1.154732	0.842720	0.531363	0.256649	0.064330	-0.002473	0.020953	-0.002047	-0.065417	0.048181	0.179907	0.165579	0.342822	0.365774	0.473317	0.510125	0.591476	0.583766	0.676515	0.625745	0.683096
-1.539318	-1.520648	-1.442286	-1.230800	-0.832532	-0.442070	-0.288260	0.153025	0.716439	0.897732	1.484886	1.570376	1.841115	1.995493	1.780771	1.649802	1.547205	1.332429	1.038450	0.742209	0.489813	0.298100	0.162359	0.057763	-0.039919	-0.098541	-0.031795	0.116343	0.147913	0.174464	0.353887	0.365774	0.458391	0.531004	0.554018	0.619904	0.634855	0.644797	0.694925	0.640345
0.727387	0.735593	0.749038	0.769973	0.897732	1.237191	1.490495	1.458923	1.794916	1.813045	1.932992	1.825461	1.911370	1.584676	1.429480	1.319464	1.036126	0.701647	0.425558	0.218847	0.066356	-0.037720	-0.087651	-0.073265	-0.000932	0.076561	0.092327	0.100478	0.234934	0.363031	0.350653	0.473317	0.531004	0.542598	0.636128	0.605968	0.679289	0.652558	0.672294	0.690983
1.859131	1.874620	1.900565	1.879292	1.787790	1.787187	1.983071	1.920206	1.780771	1.888217	1.581223	1.608041	1.315396	1.087603	1.011257	0.722137	0.425048	0.256649	0.161225	0.087754	0.029693	-0.008394	-0.028449	-0.035006	-0.018607	0.052866	0.189680	0.305335	0.316001	0.362220	0.508020	0.510125	0.554018	0.636128	0.599741	0.688830	0.633720	0.700944	0.653124	0.675047
1.840638	1.854286	1.890197	1.909984	1.822795	1.632594	1.604325	1.649972	1.350004	1.355594	1.087603	1.038760	0.705159	0.683396	0.472650	0.218847	0.145770	0.125012	0.075084	0.020953	-0.004646	0.008132	0.054615	0.120831	0.182321	0.215100	0.234842	0.311036	0.448043	0.501947	0.486138	0.591476	0.619904	0.605968	0.688830	0.631540	0.705507	0.641624	0.698532	0.642544
1.297827	1.299825	1.315396	1.350726	1.342954	1.178252	0.990839	1.036126	0.864810	0.695652	0.649335	0.443323	0.334920	0.298100	0.065896	0.032342	0.064508	0.014732	-0.053353	-0.078966	-0.060691	-0.015241	0.047263	0.126476	0.225730	0.336054	0.419616	0.439298	0.445655	0.535873	0.619067	0.583766	0.634855	0.679289	0.633720	0.705507	0.641783	0.700477	0.634977	0.682401
0.705159	0.696598	0.684605	0.701647	0.742209	0.683396	0.479939	0.450365	0.450996	0.218847	0.296000	0.064330	0.135247	0.006763	-0.071970	0.016585	-0.004646	-0.070708	-0.069416	-0.011019	0.063574	0.134255	0.195851	0.247739	0.294317	0.350758	0.436207	0.537025	0.585780	0.563496	0.592029	0.676515	0.644797	0.652558	0.700944	0.641624	0.700477	0.636074	0.683660	0.619209
0.269816	0.256649	0.227956	0.220030	0.267548	0.296000	0.161225	0.069282	0.162359	-0.013659	0.059734	-0.071970	0.029253	-0.108378	-0.028449	0.029577	-0.031795	-0.020594	0.070504	0.166841	0.242493	0.305335	0.364174	0.419155	0.462990	0.487129	0.496635	0.523625	0.596167	0.662808	0.643085	0.625745	0.694925	0.672294	0.653124	0.698532	0.634977	0.683660	0.620267	0.661176
0.032342	0.019312	-0.013659	-0.037720	-0.002473	0.070469	0.018374	-0.094253	0.014732	-0.061441	-0.043015	-0.047788	-0.000932	-0.065417	0.073690	0.058390	0.037620	0.134255	0.239924	0.299820	0.336054	0.373419	0.419474	0.473317	0.531380	0.585155	0.617753	0.615086	0.598706	0.626416	0.690401	0.683096	0.640345	0.690983	0.675047	0.642544	0.682401	0.619209	0.661176	0.599474
